━━━━━━━━━━━━━━━━━━━━━━━━━━━━━━━━━━━━━━━━━━━━━━━━━━━━━━━━━━━━━━━━━━━━━━━━━━━━━━━━━
 Language              Files        Lines         Code     Comments       Blanks
━━━━━━━━━━━━━━━━━━━━━━━━━━━━━━━━━━━━━━━━━━━━━━━━━━━━━━━━━━━━━━━━━━━━━━━━━━━━━━━━━
 BASH                      1           32           27            2            3
 Bicep                     1            4            2            2            0
 C                         3           89           71            8           10
 CMake                     1           10           10            0            0
 C#                        5           63           51            9            3
 Cairo                     2           14           12            1            1
 Clojure                   3           28           14           11            3
 Coq                       2           12           12            0            0
 C++                       4          112           91           10           11
 Crystal                   2           28           25            2            1
 CSS                       2          337          272            4           61
 CUE                       1            2            1            1            0
 Cython                    2           11           11            0            0
 D                         3           26           20            4            2
 Dart                      2           24           22            1            1
 Elixir                    4           80           63           12            5
 Elm                       1           11            5            6            0
 Elvish                    1           56           38           13            5
 Erlang                    3           68           54            9            5
 F#                        1            4            2            2            0
 Fish                      2           30           26            2            2
 FORTRAN Modern            1            8            8            0            0
 GDScript                  1            7            7            0            0
 GLSL                      1           10           10            0            0
 Go                        4          138          110           12           16
 Groovy                    2           11            5            6            0
 Handlebars                1          369          311           16           42
 Haskell                   1            2            1            1            0
 Haxe                      1            4            1            3            0
 HCL                       2           10            8            2            0
 Java                      4           81           64           11            6
 JavaScript                4          218          173           20           25
 JSON                      1           37           37            0            0
 JSX                       3           62           48           11            3
 Julia                     2           39           33            3            3
 Just                      1            5            4            0            1
 Kotlin                    4           60           33           25            2
 LESS                      1            6            6            0            0
 Lua                       4           43           35            5            3
 Makefile                  1            7            5            0            2
 Mojo                      1            5            3            2            0
 Nim                       3           30           22            4            4
 Nix                       7          507          362          105           40
 Nushell                   3           41           31            7            3
 OCaml                     3           43           31            8            4
 Objective-C               1           20           20            0            0
 Odin                      1            6            6            0            0
 Perl                      2           36           29            2            5
 PHP                       4           36           28            6            2
 Prolog                    1           20           19            0            1
 Protocol Buffers          1           21           17            0            4
 Python                    5          199          119           41           39
 QML                       1           18           15            0            3
 R                         3           24           20            4            0
 Rusty Object Nota|        1           18           18            0            0
 ReScript                  1            5            2            3            0
 Ruby                      4           57           48            5            4
 Sass                      1            9            9            0            0
 Scala                     3           32           27            4            1
 Scheme                 1189        52348        38675         4592         9081
 Shell                     3           36           27            3            6
 Slint                     1            6            6            0            0
 Solidity                  1           10            7            3            0
 SQL                       1            3            1            2            0
 SVG                       4            4            4            0            0
 Swift                     2          119           98            3           18
 Tact                      1           11           10            0            1
 TCL                       1            7            7            0            0
 TeX                       1            9            9            0            0
 Plain Text               36       369715            0       368915          800
 TOML                    241        28760        23176         2111         3473
 TSX                       3           42           29           11            2
 TypeScript                4          110           83           13           14
 Unison                    1            4            4            0            0
 VB6/VBA                   1            4            3            1            0
 Vala                      1            4            1            3            0
 Vim Script                1            6            5            1            0
 WebGPU Shader Lan|        2           21           17            3            1
 XML                       2          136          126            0           10
 YAML                      1           90           60           22            8
 Zig                       3           62           49            9            4
 Zsh                       1           36           32            2            2
─────────────────────────────────────────────────────────────────────────────────
 HTML                      1           25           25            0            0
 |- CSS                    1            3            3            0            0
 |- JavaScript             1            4            4            0            0
 (Total)                               32           32            0            0
─────────────────────────────────────────────────────────────────────────────────
 Markdown                 50         7915            0         6615         1300
 |- INI                    1            4            3            1            0
 |- Python                 1           51           42            8            1
 |- Rust                   1           39           27           12            0
 |- Shell                  1            2            2            0            0
 |- TOML                  10          261          210           29           22
 |- YAML                   1           11            7            4            0
 (Total)                             8283          291         6669         1323
─────────────────────────────────────────────────────────────────────────────────
 Rust                    241       112922        92938         8614        11370
 |- Markdown             164         7847          249         6581         1017
 (Total)                           120769        93187        15195        12387
─────────────────────────────────────────────────────────────────────────────────
 Svelte                    1            8            7            0            1
 |- JavaScript             1            4            4            0            0
 (Total)                               12           11            0            1
─────────────────────────────────────────────────────────────────────────────────
 Vue                       2           10            8            0            2
 |- CSS                    1            3            3            0            0
 |- HTML                   2           22           13            9            0
 |- JavaScript             1            5            5            0            0
 (Total)                               40           29            9            2
━━━━━━━━━━━━━━━━━━━━━━━━━━━━━━━━━━━━━━━━━━━━━━━━━━━━━━━━━━━━━━━━━━━━━━━━━━━━━━━━━
 Total                  1927       583964       158533       397972        27459
━━━━━━━━━━━━━━━━━━━━━━━━━━━━━━━━━━━━━━━━━━━━━━━━━━━━━━━━━━━━━━━━━━━━━━━━━━━━━━━━━
